function [xs, ys] = snake_base
%BASE_SNAKE  Return a standard starting point for the snake demo
%   [XS, YS] = BASE_SNAKE returns a vector of x-coordinates and a vector of
%   y-coordinates, such that the snake surrounds the head in the head
%   image.
%
%   See also SNAKE_DEMO

xs = [59.5; 90.5; 143.5; 164.5; 190.5; 234.5; ...
262.5; 294.5; 317.5; 344.5; 377.5; 386.5; 428.5; ...
431.5; 436.5; 444.5; 446.5; 451.5; 440.5; 431.5; ...
399.5; 342.5; 281.5; 212.5; 127.5; 105.5; 87.5; ...
70.5; 33.5; 37.5; 36.5];

ys = [139.5; 102.5; 73.5; 54.5; 43.5; 37.5; 40.5; ...
43.5; 49.5; 56.5; 65.5; 86.5; 119.5; 157.5; ...
178.5; 224.5; 278.5; 313.5; 370.5; 398.5; 436.5; ...
465.5; 480.5; 487.5; 483.5; 432.5; 377.5; 342.5; ...
277.5; 237.5; 183.5];

end
